function mpc = case24_withhydro_paper2rv1
%case24_withhydro_paper2rv1  is from case24_withhydro. the ramp up and down data is updated 
%by the data from "IEEE reliability test system-96," IEEE Transactions on Power Systems, Vol. 14, No. 3, Aug. 1999,
%   pp. 1010-1020.
%   Please see CASEFORMAT for details on the case file format.
%
%   This system data is from the IEEE RELIABILITY TEST SYSTEM, see
%
%   IEEE Reliability Test System Task Force of the Applications of
%   Probability Methods Subcommittee, "IEEE reliability test system,"
%   IEEE Transactions on Power Apparatus and Systems, Vol. 98, No. 6,
%   Nov./Dec. 1979, pp. 2047-2054.
%
%   IEEE Reliability Test System Task Force of Applications of
%   Probability Methods Subcommittee, "IEEE reliability test system-96,"
%   IEEE Transactions on Power Systems, Vol. 14, No. 3, Aug. 1999,
%   pp. 1010-1020.
%
%   Cost data is from Web site run by Georgia Tech Power Systems Control
%   and Automation Laboratory:
%
%       http://pscal.ece.gatech.edu/testsys/index.html
%
%   MATPOWER case file data provided by Bruce Wollenberg.

%   MATPOWER
%   $Id: case24_ieee_rts.m,v 1.4 2010/03/10 18:08:13 ray Exp $

%% MATPOWER Case Format : Version 2
mpc.version = '2';

%%-----  Power Flow Data  -----%%
%% system MVA base
mpc.baseMVA = 100;

%% bus data
%	bus_i	type	Pd比例	Qd	Gs	Bs	area	Vm	Va	baseKV	zone	Vmax	Vmin
mpc.bus = [
	1	2	108	22	0	0	1	1	0	138	1	1.05	0.95;
	2	2	97	20	0	0	1	1	0	138	1	1.05	0.95;
	3	1	180	37	0	0	1	1	0	138	1	1.05	0.95;
	4	1	74	15	0	0	1	1	0	138	1	1.05	0.95;
	5	1	71	14	0	0	1	1	0	138	1	1.05	0.95;
	6	1	136	28	0	-100	2	1	0	138	1	1.05	0.95;
	7	2	125	25	0	0	2	1	0	138	1	1.05	0.95;
	8	1	171	35	0	0	2	1	0	138	1	1.05	0.95;
	9	1	175	36	0	0	1	1	0	138	1	1.05	0.95;
	10	1	195	40	0	0	2	1	0	138	1	1.05	0.95;
	11	1	0	0	0	0	3	1	0	230	1	1.05	0.95;
	12	1	0	0	0	0	3	1	0	230	1	1.05	0.95;
	13	3	265	54	0	0	3	1	0	230	1	1.05	0.95;
	14	2	194	39	0	0	3	1	0	230	1	1.05	0.95;
	15	2	317	64	0	0	4	1	0	230	1	1.05	0.95;
	16	2	100	20	0	0	4	1	0	230	1	1.05	0.95;
	17	1	0	0	0	0	4	1	0	230	1	1.05	0.95;
	18	2	333	68	0	0	4	1	0	230	1	1.05	0.95;
	19	1	181	37	0	0	3	1	0	230	1	1.05	0.95;
	20	1	128	26	0	0	3	1	0	230	1	1.05	0.95;
	21	2	0	0	0	0	4	1	0	230	1	1.05	0.95;
	22	2	0	0	0	0	4	1	0	230	1	1.05	0.95;
	23	2	0	0	0	0	3	1	0	230	1	1.05	0.95;
	24	1	0	0	0	0	4	1	0	230	1	1.05	0.95;
];

%% generator data
%	bus	Pg	Qg	Qmax	Qmin	Vg	mBase	status	Pmax	Pmin	Pc1	Pc2	 Qc1min	Qc1max	MDT	MUT	rd	ru	P0	Z0	apf	%	Unit Code
mpc.gen = [
	15	10	0	10	0	1.035	100	1	12	2.4	0	0	0	0	1	1	5       5	0	-1	0;	%	U1
    15	10	0	10	0	1.035	100	1	12	2.4	0	0	0	0	1	1	5       5	0	-1	0;	%	U2
    15	76	0	30	-25	1.035	100	1	12	2.4	0	0	0	0	1	1	5       5	0	-1	0;	%	U3
    15	76	0	30	-25	1.035	100	1	12	2.4	0	0	0	0	1	1	5       5	0	-1	0;	%	U4
    15	10	0	10	0	1.035	100	1	12	2.4	0	0	0	0	1	1	5       5	0	-1	0;	%	U5
    15	10	0	10	0	1.035	100	1	155	54.25 0	0	0	0	3	5   15      15	0	5	0;	%	U6 之前是150	5	0;
     1	76	0	30	-25	1.035	100	1	20	16	0	0	0	0	1	1	15      15	0	-1	0;	%	U7
     1	76	0	30	-25	1.035	100	1	20	16	0	0	0	0	1	1	15      15	0	-1	0;	%	U8
     1	80	0	60	0	1.025	100	1	76	15.2 0	0	0	0	2	3	10      10	0	-3	0;	%U9	
     1	80	0	60	0	1.025	100	1	76	15.2 0	0	0	0	2	3	10      10	0	-3	0;	%	U10
     2	80	0	60	0	1.025	100	1	20	16	0	0	0	0	1	1	15      15	0	-1	0;	%	U11
     2	95.1 0	80	0	1.02	100	1	20	16	0	0	0	0	1	1	15      15	0	-1	0;	%	U12
     2	95.1 0	80	0	1.02	100	1	76	15.2 0	0	0	0	2	3	10      10	0	-3	0;	%	U13
     2	95.1 0	80	0	1.02	100	1	76	15.2 0	0	0	0	2	3	10      10	0	-3	0;	%	U14
     7	0 35.3	200	-50	0.98	100	1	100	25	0	0	0	0	2	4	35      35	0	-3	0;	%	U15
     7	12	0	6	0	1.014	100	1	100	25	0	0	0	0	2	4	35      35	0	-3	0;	%	U16
     7	12	0	6	0	1.014	100	1	100	25	0	0	0	0	2	4	35      35	0	-3	0;	%	U17
    16	12	0	6	0	1.014	100	1	155	54.3 0	0	0	0	3	5	15      15	0	5	0;	%	U18  100	5	0;
    23	12	0	6	0	1.014	100	1	155	54.3 0	0	0	0	3	5	15      15	0	5	0;	%	U19  150	5	0;
    23	12	0	6	0	1.014	100	1	155	54.3 0	0	0	0	3	5	15      15	0	5	0;	%	U20  150	5	0;
    23	155	0	80	-50	1.014	100	1	350	140	0	0	0	0	5	8	20      20	0	10	0;	%U21	350	10	0;
    13	155	0	80	-50	1.017	100	1	197	69	0	0	0	0	4	5	15      15	150	-4	0;	%	U22  0	-4	0;	
    13	400	0	200	-50	1.05	100	1	197	69	0	0	0	0	4	5	15      15	150	-4	0;	%	U23  0	-4	0;	
    13	400	0	200	-50	1.05	100	1	197	69	0	0	0	0	4	5	15      15	150	-4	0;	%	U24  0	-4	0;	
    18	50	0	16	-10	1.05	100	1	400	100	0	0	0	0	5	8	100     100	0	10	0;	%	U25  400	10	0;	
    21	50	0	16	-10	1.05	100	1	400	100	0	0	0	0	5	8	100     100	0	10	0;	%	U26  400	10	0;
    22	50	0	16	-10	1.05	100	1	50	10	0	0	0	0	0	0	15      15	0	0	0;	%	U50
	22	50	0	16	-10	1.05	100	1	50	10	0	0	0	0	0	0	15      15	0	0	0;	%	U50
	22	50	0	16	-10	1.05	100	1	50	10	0	0	0	0	0	0	15      15	0	0	0;	%	U50
	22	50	0	16	-10	1.05	100	1	50	10	0	0	0	0	0	0	15      15	0	0	0;	%	U50
	22	50	0	16	-10	1.05	100	1	50	10	0	0	0	0	0	0	15      15	0	0	0;	%	U50
	22	50	0	16	-10	1.05	100	1	50	10	0	0	0	0	0	0	15      15	0	0	0;	%	U50
    14	0 35.3  200	-50	0.98	100	1	0	0	0	0	0	0	0	0	0       0 	0	0	0;	%	SynCond
];
   
%% branch data
%	fbus	tbus	r	x	b	Pmax	rateB	rateC	ratio	angle	status	angmin	angmax
mpc.branch = [
	1	2	0.0026	0.0139	0.4611	175	250	200	0	0	1	-360	360;
	1	3	0.0546	0.2112	0.0572	175	208	220	0	0	1	-360	360;
	1	5	0.0218	0.0845	0.0229	175	208	220	0	0	1	-360	360;
	2	4	0.0328	0.1267	0.0343	175	208	220	0	0	1	-360	360;
	2	6	0.0497	0.192	0.052	175	208	220	0	0	1	-360	360;
	3	9	0.0308	0.119	0.0322	175	208	220	0	0	1	-360	360;
	3	24	0.0023	0.0839	0	400	510	600	1.03	0	1	-360	360;
	4	9	0.0268	0.1037	0.0281	175	208	220	0	0	1	-360	360;
	5	10	0.0228	0.0883	0.0239	175	208	220	0	0	1	-360	360;
	6	10	0.0139	0.0605	2.459	175	193	200	0	0	1	-360	360;
	7	8	0.0159	0.0614	0.0166	175	208	220	0	0	1	-360	360;
	8	9	0.0427	0.1651	0.0447	175	208	220	0	0	1	-360	360;
	8	10	0.0427	0.1651	0.0447	175	208	220	0	0	1	-360	360;
	9	11	0.0023	0.0839	0	400	510	600	1.03	0	1	-360	360;
	9	12	0.0023	0.0839	0	400	510	600	1.03	0	1	-360	360;
	10	11	0.0023	0.0839	0	400	510	600	1.02	0	1	-360	360;
	10	12	0.0023	0.0839	0	400	510	600	1.02	0	1	-360	360;
	11	13	0.0061	0.0476	0.0999	500	600	625	0	0	1	-360	360;
	11	14	0.0054	0.0418	0.0879	500	625	625	0	0	1	-360	360;
	12	13	0.0061	0.0476	0.0999	500	625	625	0	0	1	-360	360;
	12	23	0.0124	0.0966	0.203	500	625	625	0	0	1	-360	360;
	13	23	0.0111	0.0865	0.1818	500	625	625	0	0	1	-360	360;
	14	16	0.005	0.0389	0.0818	500	625	625	0	0	1	-360	360;
	15	16	0.0022	0.0173	0.0364	500	600	625	0	0	1	-360	360;
	15	21	0.0063	0.049	0.103	500	600	625	0	0	1	-360	360;
	15	21	0.0063	0.049	0.103	500	600	625	0	0	1	-360	360;
	15	24	0.0067	0.0519	0.1091	500	600	625	0	0	1	-360	360;
	16	17	0.0033	0.0259	0.0545	500	600	625	0	0	1	-360	360;
	16	19	0.003	0.0231	0.0485	500	600	625	0	0	1	-360	360;
	17	18	0.0018	0.0144	0.0303	500	600	625	0	0	1	-360	360;
	17	22	0.0135	0.1053	0.2212	500	600	625	0	0	1	-360	360;
	18	21	0.0033	0.0259	0.0545	500	600	625	0	0	1	-360	360;
	18	21	0.0033	0.0259	0.0545	500	600	625	0	0	1	-360	360;
	19	20	0.0051	0.0396	0.0833	500	600	625	0	0	1	-360	360;
	19	20	0.0051	0.0396	0.0833	500	600	625	0	0	1	-360	360;
	20	23	0.0028	0.0216	0.0455	500	600	625	0	0	1	-360	360;
	20	23	0.0028	0.0216	0.0455	500	600	625	0	0	1	-360	360;
	21	22	0.0087	0.0678	0.1424	500	600	625	0	0	1	-360	360;
];

%%-----  OPF Data  -----%%
%% area data
%	area	refbus
mpc.areas = [
	1	1;
	2	3;
	3	8;
	4	6;
];

%% generator cost data
%	1	startup	shutdown	n	x1  a  b  c  B  t  K
%	2	startup	shutdown	n	c0  a  b  c  B  t  K
